0 0 0 0 0 -1568862 0 0 -191720 0 0 0 0 0 0 0 0 0 0 0 0 0 963018 0 0 0 0 0 0 0 0 0 0 0 0 0 2540152 2259166 0 0 0 1959441 275430 0 1293469 0 0 0 0 0 2514970 280615 0 0 0 -1789580 0 0 0 0 0 0 0 0 0 0 0 534987 0 0 -682145 0 0 0 0 278002 0 0 0 0 -6 2400604 0 0 0 0 0 0 0 0 0 0 -1454607 0 1094919 0 0 -695688 0 84236 
0 0 0 0 -1513079 0 0 0 0 -523436 0 0 -13437 0 0 0 0 0 0 0 0 0 0 0 0 0 0 0 0 0 0 -693996 0 -2212038 0 0 0 0 0 0 0 0 0 1557 0 1146467 0 0 0 0 0 0 0 0 -543659 0 0 0 0 0 0 0 0 0 0 0 0 0 0 0 0 0 0 0 0 0 0 426389 845619 -1640604 0 0 0 0 0 0 -394694 0 0 0 0 488869 0 0 0 2089379 0 0 0 0 
0 0 0 0 0 0 0 0 0 0 0 0 0 0 0 0 0 0 0 0 0 0 0 0 0 0 0 0 0 0 0 0 0 0 0 0 0 0 0 0 0 0 -622948 0 -98585 0 0 -320806 0 0 0 0 0 0 0 0 0 0 0 0 0 0 0 0 0 0 0 0 0 0 0 0 0 0 0 0 0 0 0 2421448 0 0 0 -3095592 0 0 0 0 0 0 0 0 0 916452 0 0 0 0 0 0 
0 0 0 0 0 0 0 0 0 0 0 0 0 0 0 0 0 0 0 356482 0 0 0 0 0 0 0 0 0 -1202836 0 0 0 0 0 0 0 0 0 0 0 0 0 0 0 0 0 0 0 0 0 0 1105019 0 0 0 0 0 0 0 0 0 0 0 0 0 0 0 0 0 0 0 0 0 0 0 0 0 0 0 0 0 0 0 0 0 0 0 0 0 0 0 0 0 0 0 0 0 0 0 
0 0 592728 0 0 0 0 0 0 0 0 0 0 0 0 0 0 0 -887115 0 0 0 0 0 0 0 -523772 0 0 0 0 0 0 0 0 0 0 0 0 0 0 0 2216825 0 0 0 0 0 0 0 0 0 1038313 0 0 0 0 0 0 2979962 0 0 0 0 0 0 0 0 0 0 0 0 0 0 0 0 0 0 0 0 0 0 1812934 0 0 0 0 0 0 0 -302145 0 0 0 0 0 0 0 0 0 
0 0 0 0 0 0 0 0 0 0 0 0 0 0 0 0 0 0 0 0 0 0 -930035 0 0 0 0 0 0 0 0 0 0 0 0 0 0 0 0 0 0 0 0 0 0 0 0 0 0 0 0 0 0 0 0 0 0 0 0 0 0 0 0 0 0 2983587 0 0 0 0 0 0 0 0 0 0 0 0 0 0 0 0 -1140058 0 0 0 0 0 0 0 0 0 0 0 0 0 0 0 0 0 
0 0 0 0 0 0 0 0 0 0 0 0 0 0 0 0 0 0 0 0 0 0 0 0 0 937379 188012 0 0 0 0 0 0 0 0 0 0 0 0 0 0 0 0 0 0 0 0 0 2787162 0 585517 0 0 0 0 -1585371 0 0 0 0 0 0 0 0 0 0 0 0 0 0 0 0 0 0 0 0 0 0 0 0 0 0 0 0 0 0 0 0 0 0 0 0 0 0 0 0 0 0 0 0 
0 0 0 0 0 0 0 0 0 -443235 0 0 0 0 0 0 0 0 0 0 0 0 -166875 0 0 0 0 0 0 0 0 0 0 0 0 0 0 0 0 0 0 0 0 0 0 0 0 0 0 0 0 0 0 0 0 0 0 0 0 0 0 0 0 0 0 0 0 0 0 0 0 0 0 0 0 0 0 0 0 0 0 0 0 0 0 0 0 0 -177090 0 0 0 0 0 0 0 0 0 0 0 
0 0 0 0 1144331 0 0 0 0 0 0 0 0 0 0 0 0 0 0 0 0 0 -1193600 0 0 900471 0 0 981827 0 0 0 0 0 0 0 0 0 0 0 0 0 0 0 0 0 0 0 0 0 0 0 0 0 0 0 0 0 0 0 0 0 0 0 0 0 0 0 0 0 0 0 0 0 0 0 0 0 0 0 0 0 0 0 0 0 0 0 0 0 0 0 0 0 0 0 0 0 431751 0 
0 0 0 0 0 0 0 0 0 0 0 0 0 0 0 0 0 0 0 0 0 0 0 0 0 0 0 0 0 0 0 0 0 0 0 0 2572584 0 0 0 0 0 0 0 0 0 0 0 0 0 0 0 0 0 0 0 0 0 0 0 0 0 0 0 0 0 0 0 0 0 0 0 0 0 0 0 0 0 0 0 0 0 0 0 0 0 0 0 0 0 0 0 0 0 0 0 0 0 0 0 
